0|Grapple|100|90|0|0|0|0|-1
1|Hew|100|90|0|0|0|0|-1
2|Zealous Plunge|100|90|0|0|0|0|-1
3|Bludgeon|100|90|0|0|0|0|-1
4|Parry|100|90|0|0|0|0|-1
5|Puncture|100|90|0|0|0|0|-1
6|Guardbreak|100|90|0|0|0|0|-1
7|Lacerate|100|90|0|0|0|0|-1
8|Feint|100|90|0|0|0|0|-1
9|Throw|100|90|0|0|0|0|-1
10|Withstand|100|90|0|0|0|0|-1
11|Intimidate|100|90|0|0|0|0|-1
12|Crush|100|90|0|0|0|0|-1
13|Charge|100|90|0|0|0|0|-1
14|Sweep|100|90|0|0|0|0|-1
15|Shatter|100|90|0|0|0|0|-1
16|Blunt|100|90|0|0|0|0|-1
17|Shank|70|4|8|6|2|1|1
18|Poke|50|2|4|3|0|0|0
19|Bludgeon|60|1|1|0|3|1|1
20|Screaming|100|0|0|3|3|1|1
21|Slash|82|3|8|6|0|0|0
22|Knife in The Dark|60|2|4|6|0|0|0
23|Impale|88|3|5|16|0|0|0
24|Crushing Blow|50|8|16|16|3|1|1
25|Rightious Fury|92|4|6|3|0|0|0
26|Brand The Tainted|100|4|6|3|0|0|0
27|Flail The Heritic|90|0|0|90|1|1|1
28|Vomit|82|1|1|12|1|1|1
29|Grapple|100|3|5|12|3|1|1
30|Dash and Stab|100|0|0|90|0|0|0
31|Grapple|100|0|0|90|3|1|1
32|Shank|70|4|8|6|0|0|0
33|Rend for the King|75|1|2|12|1|1|1
34|Smite|82|3|6|3|0|0|0
35|Taunt|100|0|0|90|6|1|1
36|Judgement|85|4|8|1|0|0|0
37|Dazzling Light|100|0|0|0|0|0|0
38|Divine Grace|100|0|0|0|4|1|1
39|Call For Help|100|0|0|0|5|1|1
40|Rend for the King|75|1|2|12|1|1|1
41|Smite|82|5|8|3|0|0|0
42|Taunt|100|0|0|0|6|1|1
43|Block|100|0|0|0|7|1|1
44|Rend for the King|75|2|3|12|2|1|1
45|Smite|82|5|8|3|0|0|0
46|Taunt|100|0|0|0|6|1|1
47|Guard|100|0|0|0|7|1|1
48|Parry|100|0|0|0|3|1|1
49|Flurry of Claws|90|4|5|12|1|1|1
50|Lash of the Tail|90|3|4|12|3|1|1
51|Harden|100|0|0|0|7|1|1
52|Scream|100|0|0|0|3|1|1
53|Weak Bat|100|0|0|90|1|1|1
54|Cover his face|100|0|0|0|7|1|1
55|Death of a Deity|100|0|0|90|0|0|0
56|NtmbdGd|100|0|0|90|0|0|0
57|NtmbdGd|100|0|0|90|0|0|0
58|NtmbdGd|100|0|0|90|0|0|0
59|BldtngdKnght|100|0|0|90|0|0|0
60|BldtngdKnght|100|0|0|90|0|0|0
61|BldtngdKnght|100|0|0|90|0|0|0
62|BldtngdKnght|100|0|0|90|0|0|0
63|Snarl|100|0|0|90|0|0|0
64|Lash|100|0|0|90|0|0|0
65|Stamp|100|0|0|90|0|0|0
66|Fly|100|0|0|90|7|1|1
67|Roar|100|0|0|90|0|0|0
68|Charge|100|0|0|90|0|0|0
69|PoisonBreath|100|0|0|90|1|1|1
70|Restore|100|0|0|90|4|1|1
71|Woble|100|0|0|0|0|0|0
72|Sldg|100|0|0|90|0|0|0
73|Sldg|100|0|0|90|0|0|0
74|Sldg|100|0|0|90|0|0|0
75|Sldg|100|0|0|90|0|0|0
76|Sldg|100|0|0|90|0|0|0
77|Sldg|100|0|0|90|0|0|0
78|Sldg|100|0|0|90|0|0|0
79|Sldg|100|0|0|90|0|0|0
80|Sldg|100|0|0|90|0|0|0
81|Sldg|100|0|0|90|0|0|0
82|Sldg|100|0|0|90|0|0|0
83|Sldg|100|0|0|90|0|0|0
84|name|		Accuracy|Damage Mod|Crit Mod|			EffectType|Strength|Duration|FlavourERROR
